RMSE   : 0.021328
MAE    : 0.017096
R2     : 0.8930
NRMSE  : 0.3271
