RMSE   : 0.044472
MAE    : 0.034416
R²     : 0.5348
NRMSE  : 0.6821
