RMSE   : 0.021333
MAE    : 0.016460
R2     : 0.8929
NRMSE  : 0.3272
